*************Target variables in total: 37*************
Number of Fault Insertions: 333
Number of Faulty Executions: 309
,variable_name,max_risk_diff,quantile1,quantile2
26,result_val_6,0.8695652173913043,0,4
22,dd_1,0.821,0,8
21,temp_0,0.821,0,7
20,temp_3,0.7989999999999999,0,5
18,d_1,0.757,0,1
7,result_val_4,0.731457800511509,6,7
24,px11_0,0.5421994884910486,6,7
9,return_val_0,0.5396419437340153,6,7
31,px_0,0.5268542199488492,9,2
17,d_4,0.355,0,9
1,value_2,0.22762148337595906,0,2
25,t_0,0.2122762148337596,0,7
6,x_4,0.18414322250639387,9,7
10,y2_0,0.082,2,1
11,y_0,0.068,2,1
14,e_4,0.05199999999999999,5,1
33,result_val_7,0.031198686371100154,0,3
32,t_1,0.0180623973727422,8,0
15,e_1,0.01100000000000001,1,9
12,result_val_0,0.010000000000000009,0,4
29,result_err_7,0.0,0,0
28,result_err_8,0.0,0,0
34,c0_1,0.0,0,0
27,c0_0,0.0,0,0
35,result_err_10,0.0,0,0
30,result_err_6,0.0,0,0
0,n_4,0.0,0,0
23,dd_0,0.0,0,0
19,d_0,0.0,0,0
16,e_0,0.0,0,0
13,result_err_0,0.0,0,0
8,status_0,0.0,0,0
5,count_0,0.0,0,0
4,count_1,0.0,0,0
3,result_err_4,0.0,0,0
2,value_1,0.0,0,0
36,result_err_9,0.0,0,0
