*************Target variables in total: 37*************
Number of Fault Insertions: 366
Number of Faulty Executions: 331
,variable_name,max_risk_diff,quantile1,quantile2
31,px_0,0.8542199488491049,0,9
7,result_val_4,0.8363171355498721,0,9
26,result_val_6,0.8312020460358056,0,3
24,px11_0,0.8184143222506394,0,9
22,dd_1,0.791,0,1
21,temp_0,0.791,0,1
20,temp_3,0.777,0,4
1,value_2,0.7672634271099744,0,8
18,d_1,0.738,0,1
25,t_0,0.4322250639386189,0,9
6,x_4,0.3554987212276215,0,8
17,d_4,0.348,0,4
12,result_val_0,0.29300000000000004,2,4
11,y_0,0.259,1,3
9,return_val_0,0.24552429667519182,0,8
33,result_val_7,0.12807881773399013,9,2
10,y2_0,0.12,9,3
32,t_1,0.016420361247947456,0,8
14,e_4,0.014999999999999958,7,3
15,e_1,0.0040000000000000036,1,5
29,result_err_7,0.0,0,0
28,result_err_8,0.0,0,0
34,c0_1,0.0,0,0
27,c0_0,0.0,0,0
35,result_err_10,0.0,0,0
30,result_err_6,0.0,0,0
0,n_4,0.0,0,0
23,dd_0,0.0,0,0
19,d_0,0.0,0,0
16,e_0,0.0,0,0
13,result_err_0,0.0,0,0
8,status_0,0.0,0,0
5,count_0,0.0,0,0
4,count_1,0.0,0,0
3,result_err_4,0.0,0,0
2,value_1,0.0,0,0
36,result_err_9,0.0,0,0
