*************Target variables in total: 40*************
    variable_name  importance_score p_label
50         ceps_0          1.279990       1
38            z_0          1.013408       1
41        sqrty_0          1.013408      -3
42   result_val_2          1.013408      -4
43  result_err_10          1.013408       2
44   result_err_9          1.013408       2
45   result_err_8          1.013408       2
46         ampl_0          1.013408       2
18         temp_3          1.008286      -4
23           dd_1          1.008286       4
20         temp_0          1.008286       4
7    result_err_0          1.008286       4
15            d_1          1.008286      -4
13            d_4          1.008286      -4
5            y2_0          1.008286       1
6             y_0          1.008286       1
10            e_1          1.008286       4
8             e_4          1.008286       4
49           e2_0          0.945857      -1
51         seps_0          0.929065       1
40      stat_cp_0          0.890128       0
47      stat_ca_0          0.890128       0
39      stat_ct_0          0.890128       0
25           dd_0          0.888147       0
12            e_0          0.888147       0
17            d_0          0.888147       0
4        status_0          0.887653       0
3            fn_1          0.887653       0
0             y_2          0.879803      -1
33      abs_sum_0          0.827483      -1
30   result_err_1          0.826525      -1
26           cy_0          0.807400       2
28   result_val_0          0.801169       1
27            s_0          0.801169       1
34           sy_0          0.793746       2
35            d_5          0.791766      -1
37         seps_1          0.000000      -5
32         ceps_1          0.000000      -5
1    result_val_1          0.000000      -5
2    result_err_7          0.000000      -5