*************Target variables in total: 40*************
    variable_name  max_risk_diff quantile1 quantile2
11            d_4     0.99199199         0         5
6             y_0     0.92492492         0         4
39         seps_0     0.90854392         9         0
30        sqrty_0     0.79899497         9         5
26         seps_1     0.78658537         3         2
0             y_2     0.74900000         9         5
19            s_0     0.74874372         3         9
18           cy_0     0.69547739         2         9
5            y2_0     0.67267267         0         4
23      abs_sum_0     0.60804020         0         7
25            d_5     0.59095477         9         5
31   result_val_2     0.58693467         4         0
27            z_0     0.54170854         0         4
24           sy_0     0.50050251         8         5
22         ceps_1     0.35975610         1         2
20   result_val_0     0.34170854         6         0
12            d_1     0.18218218         1         0
8             e_4     0.10810811         0         2
9             e_1     0.08708709         0         1
14         temp_3     0.01101101         1         0
35         ampl_0     0.00301508         0         9
16           dd_1     0.00000000         0         0
2    result_err_7     0.00000000         0         0
38         ceps_0     0.00000000         0         0
37           e2_0     0.00000000         0         0
36      stat_ca_0     0.00000000         0         0
34   result_err_8     0.00000000         0         0
33   result_err_9     0.00000000         0         0
32  result_err_10     0.00000000         0         0
28      stat_ct_0     0.00000000         0         0
29      stat_cp_0     0.00000000         0         0
17           dd_0     0.00000000         0         0
13            d_0     0.00000000         0         0
3            fn_1     0.00000000         0         0
4        status_0     0.00000000         0         0
7    result_err_0     0.00000000         0         0
15         temp_0     0.00000000         0         0
21   result_err_1     0.00000000         0         0
1    result_val_1     0.00000000         0         0
10            e_0     0.00000000         0         0