*************Target variables in total: 40*************
    variable_name  importance_score p_label
13            d_4          1.294497       4
32         ceps_1          1.233314      -3
39      stat_ct_0          0.980892       0
40      stat_cp_0          0.980892       0
47      stat_ca_0          0.980892       0
23           dd_1          0.980411      -1
20         temp_0          0.980411      -1
15            d_1          0.980411       1
18         temp_3          0.980411       1
10            e_1          0.980411      -1
8             e_4          0.980411      -1
7    result_err_0          0.980411      -1
12            e_0          0.980092       0
17            d_0          0.980092       0
25           dd_0          0.980092       0
4        status_0          0.979592       0
3            fn_1          0.979592       0
6             y_0          0.979294      -1
5            y2_0          0.979294      -1
38            z_0          0.978179      -1
46         ampl_0          0.961590      -1
44   result_err_9          0.960758      -1
45   result_err_8          0.960758      -1
43  result_err_10          0.960597      -1
50         ceps_0          0.948026       1
49           e2_0          0.948026      -1
51         seps_0          0.935341       1
42   result_val_2          0.921616      -1
33      abs_sum_0          0.903351       1
30   result_err_1          0.903318       1
41        sqrty_0          0.897267       1
26           cy_0          0.881520      -1
28   result_val_0          0.876002      -2
27            s_0          0.873635      -2
0             y_2          0.872688       1
35            d_5          0.869664       2
34           sy_0          0.868875      -2
37         seps_1          0.781505       1
1    result_val_1          0.000000      -5
2    result_err_7          0.000000      -5