*************Target variables in total: 40*************
    variable_name  importance_score p_label
39      stat_ct_0          0.652674       0
47      stat_ca_0          0.652674       0
40      stat_cp_0          0.652674       0
5            y2_0          0.652160      -1
6             y_0          0.652160      -1
23           dd_1          0.651794      -1
20         temp_0          0.651794      -1
15            d_1          0.651794       1
18         temp_3          0.651794       1
10            e_1          0.651794      -1
8             e_4          0.651794      -1
7    result_err_0          0.651794      -1
13            d_4          0.651604      -1
38            z_0          0.651550      -1
12            e_0          0.650912       0
25           dd_0          0.650912       0
17            d_0          0.650912       0
4        status_0          0.650472       0
3            fn_1          0.650472       0
45   result_err_8          0.644309      -1
44   result_err_9          0.644309      -1
46         ampl_0          0.643410      -1
43  result_err_10          0.641414      -1
49           e2_0          0.636018      -1
50         ceps_0          0.636018       1
51         seps_0          0.632792       1
30   result_err_1          0.628929       1
33      abs_sum_0          0.627959       1
42   result_val_2          0.625015      -1
41        sqrty_0          0.622845       1
0             y_2          0.621837       1
28   result_val_0          0.610442      -1
27            s_0          0.610442      -1
34           sy_0          0.606643       1
26           cy_0          0.605123       1
35            d_5          0.601324      -2
32         ceps_1          0.527394       1
37         seps_1          0.519174       1
1    result_val_1          0.000000      -5
2    result_err_7          0.000000      -5