*************Target variables in total: 40*************
    variable_name  max_risk_diff quantile1 quantile2
38         ceps_0     1.00000000         0         5
24           sy_0     0.81608040         3         0
35         ampl_0     0.80904523         3         8
30        sqrty_0     0.78492462         6         0
39         seps_0     0.76052948         1         0
0             y_2     0.74200000         8         0
5            y2_0     0.73673674         7         8
11            d_4     0.71971972         0         8
8             e_4     0.71471471         2         0
6             y_0     0.69669670         3         8
18           cy_0     0.69648241         1         5
27            z_0     0.69547739         3         8
31   result_val_2     0.58793970         5         0
9             e_1     0.49949950         1         0
12            d_1     0.42942943         1         0
23      abs_sum_0     0.32261307         5         9
25            d_5     0.26633166         9         8
19            s_0     0.16281407         7         9
16           dd_1     0.00000000         0         0
29      stat_cp_0     0.00000000         0         0
2    result_err_7     0.00000000         0         0
37           e2_0     0.00000000         0         0
36      stat_ca_0     0.00000000         0         0
3            fn_1     0.00000000         0         0
34   result_err_8     0.00000000         0         0
33   result_err_9     0.00000000         0         0
32  result_err_10     0.00000000         0         0
10            e_0     0.00000000         0         0
4        status_0     0.00000000         0         0
28      stat_ct_0     0.00000000         0         0
17           dd_0     0.00000000         0         0
13            d_0     0.00000000         0         0
26         seps_1     0.00000000         0         0
14         temp_3     0.00000000         0         0
7    result_err_0     0.00000000         0         0
22         ceps_1     0.00000000         0         0
21   result_err_1     0.00000000         0         0
1    result_val_1     0.00000000         0         0
15         temp_0     0.00000000         0         0
20   result_val_0     0.00000000         0         0