*************Target variables in total: 40*************
    variable_name  importance_score p_label
47      stat_ca_0          0.668896       0
39      stat_ct_0          0.668896       0
40      stat_cp_0          0.668896       0
23           dd_1          0.668004      -1
20         temp_0          0.668004      -1
18         temp_3          0.668004       1
15            d_1          0.668004       1
7    result_err_0          0.668004      -1
10            e_1          0.668004      -1
8             e_4          0.668004      -1
13            d_4          0.667622      -1
12            e_0          0.667111       0
25           dd_0          0.667111       0
17            d_0          0.667111       0
3            fn_1          0.666667       0
4        status_0          0.666667       0
5            y2_0          0.660992      -1
6             y_0          0.660992      -1
38            z_0          0.659297      -1
33      abs_sum_0          0.643585       1
49           e2_0          0.643450      -1
50         ceps_0          0.643450       1
43  result_err_10          0.643332      -1
34           sy_0          0.640266       2
46         ampl_0          0.639569      -1
30   result_err_1          0.639421       1
51         seps_0          0.639339       1
45   result_err_8          0.636031      -1
44   result_err_9          0.636031      -1
42   result_val_2          0.630088       1
28   result_val_0          0.626433       2
27            s_0          0.626433       2
35            d_5          0.625650       1
26           cy_0          0.621183       1
0             y_2          0.616854      -2
41        sqrty_0          0.609476       1
32         ceps_1          0.579609       1
37         seps_1          0.551937       1
1    result_val_1          0.000000      -5
2    result_err_7          0.000000      -5