*************Target variables in total: 40*************
    variable_name  importance_score p_label
32         ceps_1          2.609035      -3
39      stat_ct_0          1.200191       0
40      stat_cp_0          1.200191       0
47      stat_ca_0          1.200191       0
23           dd_1          1.199870      -1
20         temp_0          1.199870      -1
15            d_1          1.199870       1
18         temp_3          1.199870       1
8             e_4          1.199870      -1
10            e_1          1.199870      -1
7    result_err_0          1.199870      -1
25           dd_0          1.199840       0
17            d_0          1.199840       0
12            e_0          1.199840       0
13            d_4          1.199675      -1
4        status_0          1.199359       0
3            fn_1          1.199359       0
6             y_0          1.194014      -1
5            y2_0          1.194014      -1
38            z_0          1.191699      -1
46         ampl_0          1.162339      -1
43  result_err_10          1.159776      -1
44   result_err_9          1.159475      -1
45   result_err_8          1.159475      -1
49           e2_0          1.137605      -1
50         ceps_0          1.137605       1
51         seps_0          1.128035       1
30   result_err_1          1.102424       1
33      abs_sum_0          1.099610       1
42   result_val_2          1.097748       1
41        sqrty_0          1.081039       1
0             y_2          1.058602      -1
26           cy_0          1.046341       1
35            d_5          1.045455       1
34           sy_0          1.045455       2
28   result_val_0          1.044564       2
27            s_0          1.044564       2
37         seps_1          0.939432       1
1    result_val_1          0.000000      -5
2    result_err_7          0.000000      -5