*************Target variables in total: 40*************
    variable_name  max_risk_diff quantile1 quantile2
39         seps_0     0.96871239         7         0
19            s_0     0.93065327         9         0
6             y_0     0.88188188         8         4
5            y2_0     0.86086086         8         9
30        sqrty_0     0.85125628         1         9
0             y_2     0.85000000         1         5
35         ampl_0     0.83718593         0         9
24           sy_0     0.82512563         1         2
26         seps_1     0.81707317         4         7
18           cy_0     0.81105528         3         1
20   result_val_0     0.71658291         9         0
25            d_5     0.70552764         0         9
27            z_0     0.62713568         8         4
8             e_4     0.54254254         1         0
31   result_val_2     0.41608040         7         2
12            d_1     0.34434434         0         1
11            d_4     0.33033033         9         0
9             e_1     0.32532533         1         0
22         ceps_1     0.32317073         0         2
23      abs_sum_0     0.28442211         7         4
14         temp_3     0.01101101         0         1
1    result_val_1     0.00000000         0         0
13            d_0     0.00000000         0         0
38         ceps_0     0.00000000         0         0
37           e2_0     0.00000000         0         0
36      stat_ca_0     0.00000000         0         0
10            e_0     0.00000000         0         0
34   result_err_8     0.00000000         0         0
33   result_err_9     0.00000000         0         0
32  result_err_10     0.00000000         0         0
2    result_err_7     0.00000000         0         0
21   result_err_1     0.00000000         0         0
29      stat_cp_0     0.00000000         0         0
28      stat_ct_0     0.00000000         0         0
15         temp_0     0.00000000         0         0
16           dd_1     0.00000000         0         0
17           dd_0     0.00000000         0         0
7    result_err_0     0.00000000         0         0
3            fn_1     0.00000000         0         0
4        status_0     0.00000000         0         0