*************Target variables in total: 40*************
    variable_name  importance_score p_label
37         seps_1          2.518129      -3
5            y2_0          2.500542       3
6             y_0          2.500542       3
13            d_4          2.500542      -4
39      stat_ct_0          1.187276       0
40      stat_cp_0          1.187276       0
47      stat_ca_0          1.187276       0
15            d_1          1.186641       1
23           dd_1          1.186641      -1
20         temp_0          1.186641      -1
18         temp_3          1.186641       1
10            e_1          1.186641      -1
8             e_4          1.186641      -1
7    result_err_0          1.186641      -1
12            e_0          1.186151       0
25           dd_0          1.186151       0
17            d_0          1.186151       0
3            fn_1          1.185668       0
4        status_0          1.185668       0
38            z_0          1.181281      -1
45   result_err_8          1.151219      -1
44   result_err_9          1.151219      -1
46         ampl_0          1.150915      -1
43  result_err_10          1.150209      -1
50         ceps_0          1.130513       1
49           e2_0          1.130513      -1
51         seps_0          1.119076       1
42   result_val_2          1.086729       1
30   result_err_1          1.084451       1
33      abs_sum_0          1.081459       1
41        sqrty_0          1.072742       1
0             y_2          1.047593      -1
26           cy_0          1.036310       1
28   result_val_0          1.036127       2
27            s_0          1.036127       2
35            d_5          1.035389       1
34           sy_0          1.030385      -1
32         ceps_1          0.949741       1
1    result_val_1          0.000000      -5
2    result_err_7          0.000000      -5