*************Target variables in total: 40*************
    variable_name  max_risk_diff quantile1 quantile2
6             y_0     0.99599600         0         9
39         seps_0     0.83995187         9         5
26         seps_1     0.79268293         8         1
18           cy_0     0.78894472         8         3
24           sy_0     0.77487437         3         7
30        sqrty_0     0.73768844         4         6
0             y_2     0.68500000         3         6
5            y2_0     0.66766767         0         3
27            z_0     0.63517588         5         3
22         ceps_1     0.63414634         3         0
23      abs_sum_0     0.54472362         0         5
31   result_val_2     0.46532663         8         1
25            d_5     0.46231156         4         9
19            s_0     0.35276382         0         3
35         ampl_0     0.34673367         9         0
20   result_val_0     0.21306533         7         8
14         temp_3     0.01301301         1         0
8             e_4     0.00900901         0         2
11            d_4     0.00300300         8         0
9             e_1     0.00200200         0         1
12            d_1     0.00200200         0         1
16           dd_1     0.00000000         0         0
2    result_err_7     0.00000000         0         0
38         ceps_0     0.00000000         0         0
37           e2_0     0.00000000         0         0
36      stat_ca_0     0.00000000         0         0
34   result_err_8     0.00000000         0         0
33   result_err_9     0.00000000         0         0
32  result_err_10     0.00000000         0         0
10            e_0     0.00000000         0         0
28      stat_ct_0     0.00000000         0         0
29      stat_cp_0     0.00000000         0         0
17           dd_0     0.00000000         0         0
3            fn_1     0.00000000         0         0
4        status_0     0.00000000         0         0
13            d_0     0.00000000         0         0
21   result_err_1     0.00000000         0         0
1    result_val_1     0.00000000         0         0
15         temp_0     0.00000000         0         0
7    result_err_0     0.00000000         0         0