*************Target variables in total: 40*************
    variable_name  importance_score p_label
51         seps_0          2.689167       2
46         ampl_0          1.997640       2
41        sqrty_0          1.997640      -3
42   result_val_2          1.997640      -4
43  result_err_10          1.997640       2
44   result_err_9          1.997640       2
45   result_err_8          1.997640       2
38            z_0          1.997640       1
10            e_1          1.985189       4
5            y2_0          1.985189       1
6             y_0          1.985189       1
7    result_err_0          1.985189       4
8             e_4          1.985189       4
23           dd_1          1.985189       4
20         temp_0          1.985189       4
13            d_4          1.985189      -4
15            d_1          1.985189      -4
18         temp_3          1.985189      -4
49           e2_0          1.171696      -1
50         ceps_0          1.171696       1
47      stat_ca_0          1.122962       0
39      stat_ct_0          1.122962       0
40      stat_cp_0          1.122962       0
25           dd_0          1.120985       0
17            d_0          1.120985       0
12            e_0          1.120985       0
4        status_0          1.120493       0
3            fn_1          1.120493       0
0             y_2          1.056411      -1
30   result_err_1          1.021804       1
33      abs_sum_0          1.018952       1
34           sy_0          0.996108       1
28   result_val_0          0.994265       2
27            s_0          0.994265       2
26           cy_0          0.990876       1
35            d_5          0.981198      -1
37         seps_1          0.000000      -5
32         ceps_1          0.000000      -5
1    result_val_1          0.000000      -5
2    result_err_7          0.000000      -5