*************Target variables in total: 40*************
    variable_name  importance_score p_label
50         ceps_0          1.108369      -2
49           e2_0          0.648280      -1
51         seps_0          0.645827       1
45   result_err_8          0.617318      -1
44   result_err_9          0.617318      -1
46         ampl_0          0.616343      -1
43  result_err_10          0.611266      -1
41        sqrty_0          0.603849       1
38            z_0          0.591305      -1
5            y2_0          0.587530      -1
6             y_0          0.587530      -1
42   result_val_2          0.586853      -1
0             y_2          0.581905       1
13            d_4          0.577562      -1
47      stat_ca_0          0.577555       0
40      stat_cp_0          0.577555       0
39      stat_ct_0          0.577555       0
20         temp_0          0.576733      -1
7    result_err_0          0.576733      -1
18         temp_3          0.576733       1
10            e_1          0.576733      -1
15            d_1          0.576733       1
8             e_4          0.576733      -1
23           dd_1          0.576733      -1
25           dd_0          0.575909       0
17            d_0          0.575909       0
12            e_0          0.575909       0
4        status_0          0.575499       0
3            fn_1          0.575499       0
26           cy_0          0.568419      -2
30   result_err_1          0.561691      -2
33      abs_sum_0          0.560596      -2
35            d_5          0.551249       1
34           sy_0          0.551249      -1
28   result_val_0          0.538742      -2
27            s_0          0.538742      -2
37         seps_1          0.000000      -5
32         ceps_1          0.000000      -5
1    result_val_1          0.000000      -5
2    result_err_7          0.000000      -5