*************Target variables in total: 40*************
    variable_name  importance_score p_label
23           dd_1          2.551146       4
20         temp_0          2.551146       4
15            d_1          2.551146      -4
13            d_4          2.551146      -4
18         temp_3          2.551146      -4
8             e_4          2.551146       4
7    result_err_0          2.551146       4
10            e_1          2.551146       4
39      stat_ct_0          1.193352       0
47      stat_ca_0          1.193352       0
40      stat_cp_0          1.193352       0
12            e_0          1.191420       0
17            d_0          1.191420       0
25           dd_0          1.191420       0
3            fn_1          1.190939       0
4        status_0          1.190939       0
5            y2_0          1.185816      -1
6             y_0          1.185816      -1
38            z_0          1.184558      -1
46         ampl_0          1.156398      -1
43  result_err_10          1.155419      -1
45   result_err_8          1.155102      -1
44   result_err_9          1.155102      -1
49           e2_0          1.136963      -1
50         ceps_0          1.136963       1
51         seps_0          1.124500       1
42   result_val_2          1.093929       1
30   result_err_1          1.092509       1
33      abs_sum_0          1.090727       1
41        sqrty_0          1.082294       1
0             y_2          1.057201       1
26           cy_0          1.055103      -1
34           sy_0          1.046286      -2
28   result_val_0          1.035728       1
27            s_0          1.035728       1
35            d_5          1.035528      -1
32         ceps_1          0.976728       1
37         seps_1          0.957214       1
1    result_val_1          0.000000      -5
2    result_err_7          0.000000      -5