*************Target variables in total: 40*************
    variable_name  importance_score p_label
32         ceps_1          1.586869      -3
25           dd_0          1.012358       0
17            d_0          1.012358       0
12            e_0          1.012358       0
3            fn_1          1.011858       0
4        status_0          1.011858       0
23           dd_1          1.010758      -1
20         temp_0          1.010758      -1
18         temp_3          1.010758       1
10            e_1          1.010758      -1
8             e_4          1.010758      -1
7    result_err_0          1.010758      -1
15            d_1          1.010758       1
13            d_4          1.010455      -1
39      stat_ct_0          1.009800       0
40      stat_cp_0          1.009800       0
47      stat_ca_0          1.009800       0
6             y_0          1.005501      -1
5            y2_0          1.005501      -1
38            z_0          1.003140      -1
44   result_err_9          0.976726      -1
45   result_err_8          0.976726      -1
46         ampl_0          0.974853      -1
43  result_err_10          0.972077      -1
49           e2_0          0.950686      -1
50         ceps_0          0.950686       1
51         seps_0          0.946166       1
42   result_val_2          0.935684       1
33      abs_sum_0          0.923443       1
30   result_err_1          0.923368       1
41        sqrty_0          0.909523       1
34           sy_0          0.903265       1
35            d_5          0.898765      -1
0             y_2          0.892876      -1
28   result_val_0          0.891952       2
27            s_0          0.891952       2
26           cy_0          0.891952      -2
37         seps_1          0.835741       1
1    result_val_1          0.000000      -5
2    result_err_7          0.000000      -5