*************Target variables in total: 40*************
    variable_name  importance_score p_label
50         ceps_0          2.785583       2
38            z_0          2.060413       1
41        sqrty_0          2.060413      -3
42   result_val_2          2.060413      -4
43  result_err_10          2.060413       2
44   result_err_9          2.060413       2
45   result_err_8          2.060413       2
46         ampl_0          2.060413       2
18         temp_3          2.047413      -4
23           dd_1          2.047413       4
20         temp_0          2.047413       4
7    result_err_0          2.047413       4
15            d_1          2.047413      -4
13            d_4          2.047413      -4
5            y2_0          2.047413       1
6             y_0          2.047413       1
10            e_1          2.047413       4
8             e_4          2.047413       4
49           e2_0          1.180484      -1
51         seps_0          1.169999       1
40      stat_cp_0          1.132141       0
47      stat_ca_0          1.132141       0
39      stat_ct_0          1.132141       0
25           dd_0          1.130170       0
12            e_0          1.130170       0
17            d_0          1.130170       0
4        status_0          1.129678       0
3            fn_1          1.129678       0
0             y_2          1.060733       1
30   result_err_1          1.035388       1
33      abs_sum_0          1.032645       1
35            d_5          1.001307       2
34           sy_0          0.999488       1
28   result_val_0          0.995833      -1
27            s_0          0.993997      -1
26           cy_0          0.990307      -2
37         seps_1          0.000000      -5
32         ceps_1          0.000000      -5
1    result_val_1          0.000000      -5
2    result_err_7          0.000000      -5