*************Target variables in total: 40*************
    variable_name  importance_score p_label
18         temp_3          1.348143      -4
23           dd_1          1.348143       4
15            d_1          1.348143      -4
13            d_4          1.348143      -4
10            e_1          1.348143       4
8             e_4          1.348143       4
7    result_err_0          1.348143       4
20         temp_0          1.348143       4
32         ceps_1          1.192271      -3
39      stat_ct_0          0.996470       0
47      stat_ca_0          0.996470       0
40      stat_cp_0          0.996470       0
25           dd_0          0.994464       0
17            d_0          0.994464       0
12            e_0          0.994464       0
4        status_0          0.993964       0
3            fn_1          0.993964       0
6             y_0          0.992610      -1
5            y2_0          0.992610      -1
38            z_0          0.992113      -1
46         ampl_0          0.977401      -1
44   result_err_9          0.976956      -1
45   result_err_8          0.976956      -1
43  result_err_10          0.974023      -1
51         seps_0          0.966897       1
49           e2_0          0.962700      -1
50         ceps_0          0.962700       1
41        sqrty_0          0.932778       1
42   result_val_2          0.926761       1
33      abs_sum_0          0.915686       1
30   result_err_1          0.915622       1
0             y_2          0.908931       1
28   result_val_0          0.897157       1
27            s_0          0.897157       1
35            d_5          0.884987       2
26           cy_0          0.881869       2
34           sy_0          0.877193      -1
37         seps_1          0.770599       1
1    result_val_1          0.000000      -5
2    result_err_7          0.000000      -5