*************Target variables in total: 40*************
    variable_name  importance_score p_label
38            z_0          0.677778      -1
39      stat_ct_0          0.675981       0
47      stat_ca_0          0.675981       0
40      stat_cp_0          0.675981       0
5            y2_0          0.675973      -1
6             y_0          0.675973      -1
23           dd_1          0.675085      -1
20         temp_0          0.675085      -1
18         temp_3          0.675085       1
15            d_1          0.675085       1
7    result_err_0          0.675085      -1
10            e_1          0.675085      -1
8             e_4          0.675085      -1
12            e_0          0.674187       0
17            d_0          0.674187       0
25           dd_0          0.674187       0
13            d_4          0.673893      -1
4        status_0          0.673740       0
3            fn_1          0.673740       0
43  result_err_10          0.670589      -1
49           e2_0          0.670518      -1
50         ceps_0          0.670518       1
51         seps_0          0.669300       1
45   result_err_8          0.667626      -1
44   result_err_9          0.667626      -1
46         ampl_0          0.663881      -1
33      abs_sum_0          0.648435       1
30   result_err_1          0.646805       1
41        sqrty_0          0.646295       1
42   result_val_2          0.639706       1
0             y_2          0.638618       1
34           sy_0          0.635032      -1
28   result_val_0          0.627720      -2
26           cy_0          0.627720       2
27            s_0          0.624038      -2
35            d_5          0.617367      -1
32         ceps_1          0.511613       1
37         seps_1          0.509337       1
1    result_val_1          0.000000      -5
2    result_err_7          0.000000      -5