*************Target variables in total: 40*************
    variable_name  importance_score p_label
51         seps_0          0.889010      -1
49           e2_0          0.686486      -1
50         ceps_0          0.686486       1
43  result_err_10          0.667562      -1
44   result_err_9          0.662949      -1
45   result_err_8          0.662949      -1
46         ampl_0          0.657600      -1
42   result_val_2          0.634553       1
38            z_0          0.631368      -1
6             y_0          0.627451      -1
5            y2_0          0.627451      -1
13            d_4          0.617102      -1
40      stat_cp_0          0.617095       0
47      stat_ca_0          0.617095       0
39      stat_ct_0          0.617095       0
7    result_err_0          0.616240      -1
8             e_4          0.616240      -1
10            e_1          0.616240      -1
23           dd_1          0.616240      -1
20         temp_0          0.616240      -1
18         temp_3          0.616240       1
15            d_1          0.616240       1
12            e_0          0.615385       0
17            d_0          0.615385       0
25           dd_0          0.615385       0
4        status_0          0.614958       0
3            fn_1          0.614958       0
41        sqrty_0          0.611636      -1
0             y_2          0.607696      -1
28   result_val_0          0.598367       1
27            s_0          0.598367       1
34           sy_0          0.583566      -1
35            d_5          0.578865      -2
33      abs_sum_0          0.573304      -1
30   result_err_1          0.572472      -1
26           cy_0          0.567647       2
37         seps_1          0.000000      -5
32         ceps_1          0.000000      -5
1    result_val_1          0.000000      -5
2    result_err_7          0.000000      -5