*************Target variables in total: 40*************
    variable_name  importance_score p_label
51         seps_0          1.480378       2
46         ampl_0          1.161409       2
41        sqrty_0          1.161409      -3
42   result_val_2          1.161409      -4
43  result_err_10          1.161409       2
44   result_err_9          1.161409       2
45   result_err_8          1.161409       2
38            z_0          1.161409       1
10            e_1          1.155337       4
5            y2_0          1.155337       1
6             y_0          1.155337       1
7    result_err_0          1.155337       4
8             e_4          1.155337       4
23           dd_1          1.155337       4
20         temp_0          1.155337       4
13            d_4          1.155337      -4
15            d_1          1.155337      -4
18         temp_3          1.155337      -4
49           e2_0          0.999736      -1
50         ceps_0          0.999736       1
47      stat_ca_0          0.940926       0
39      stat_ct_0          0.940926       0
40      stat_cp_0          0.940926       0
25           dd_0          0.938927       0
17            d_0          0.938927       0
12            e_0          0.938927       0
4        status_0          0.938429       0
3            fn_1          0.938429       0
0             y_2          0.898965      -1
30   result_err_1          0.872490       1
33      abs_sum_0          0.870688       1
35            d_5          0.846115      -1
28   result_val_0          0.843593       2
27            s_0          0.843593       2
26           cy_0          0.843593      -1
34           sy_0          0.842789       2
37         seps_1          0.000000      -5
32         ceps_1          0.000000      -5
1    result_val_1          0.000000      -5
2    result_err_7          0.000000      -5