*************Target variables in total: 40*************
    variable_name  max_risk_diff quantile1 quantile2
38         ceps_0     1.00000000         0         7
14         temp_3     0.93393393         1         0
30        sqrty_0     0.83517588         2         0
35         ampl_0     0.83517588         0         8
5            y2_0     0.83183183         0         8
6             y_0     0.83183183         3         8
8             e_4     0.83183183         2         0
9             e_1     0.83183183         1         0
12            d_1     0.83183183         1         0
0             y_2     0.83100000         2         0
11            d_4     0.81481481         0         9
27            z_0     0.79396985         4         8
19            s_0     0.06231156         1         8
23      abs_sum_0     0.06130653         0         8
24           sy_0     0.03718593         1         9
25            d_5     0.03718593         0         6
31   result_val_2     0.00301508         5         0
18           cy_0     0.00301508         7         0
32  result_err_10     0.00000000         0         0
26         seps_1     0.00000000         0         0
29      stat_cp_0     0.00000000         0         0
28      stat_ct_0     0.00000000         0         0
34   result_err_8     0.00000000         0         0
36      stat_ca_0     0.00000000         0         0
37           e2_0     0.00000000         0         0
33   result_err_9     0.00000000         0         0
20   result_val_0     0.00000000         0         0
22         ceps_1     0.00000000         0         0
21   result_err_1     0.00000000         0         0
1    result_val_1     0.00000000         0         0
17           dd_0     0.00000000         0         0
16           dd_1     0.00000000         0         0
15         temp_0     0.00000000         0         0
13            d_0     0.00000000         0         0
10            e_0     0.00000000         0         0
7    result_err_0     0.00000000         0         0
4        status_0     0.00000000         0         0
3            fn_1     0.00000000         0         0
2    result_err_7     0.00000000         0         0
39         seps_0     0.00000000         0         0