*************Target variables in total: 74*************
    variable_name  max_risk_diff quantile1 quantile2
19   result_val_0     1.00000000         8         0
23            x_9     1.00000000         8         0
31            s_4     0.93750000         0         3
33          _as_0     0.93750000         0         1
30            z_0     0.91666667         9         1
27        term2_0     0.81024096         0         2
28  result_val_41     0.16566265         8         0
25           Ag_1     0.13253012         0         4
24        term1_0     0.11746988         8         0
52  result_err_64     0.00000000         0         0
51         eps5_0     0.00000000         0         0
0           sgn_6     0.00000000         0         0
54         stat_0     0.00000000         0         0
50         corr_0     0.00000000         0         0
49           n1_0     0.00000000         0         0
48           n2_0     0.00000000         0         0
47         pade_0     0.00000000         0         0
46          num_0     0.00000000         0         0
45          den_0     0.00000000         0         0
44  result_err_58     0.00000000         0         0
53  result_err_63     0.00000000         0         0
55           c4_6     0.00000000         0         0
42           c0_5     0.00000000         0         0
65          num_1     0.00000000         0         0
72  result_err_65     0.00000000         0         0
71  result_err_66     0.00000000         0         0
70         eps5_1     0.00000000         0         0
69         corr_1     0.00000000         0         0
68           n1_1     0.00000000         0         0
67           n2_1     0.00000000         0         0
..            ...            ...       ...       ...
2            c8_2     0.00000000         0         0
3            c7_3     0.00000000         0         0
4            c6_3     0.00000000         0         0
5            c5_5     0.00000000         0         0
6            c4_7     0.00000000         0         0
7            c3_7     0.00000000         0         0
8            g6_0     0.00000000         0         0
9            c2_9     0.00000000         0         0
10           c1_7     0.00000000         0         0
11      lgn_val_0     0.00000000         0         0
12      lgn_err_0     0.00000000         0         0
13            g_3     0.00000000         0         0
14          gee_0     0.00000000         0         0
15          c10_0     0.00000000         0         0
16          sgn_7     0.00000000         0         0
17   return_val_1     0.00000000         0         0
18       status_0     0.00000000         0         0
20  result_err_62     0.00000000         0         0
21  result_err_61     0.00000000         0         0
22  result_err_60     0.00000000         0         0
26           Ag_0     0.00000000         0         0
29     lg_z_err_0     0.00000000         0         0
32  result_val_44     0.00000000         0         0
34  result_err_69     0.00000000         0         0
35   return_val_0     0.00000000         0         0
36           c4_5     0.00000000         0         0
1            c9_2     0.00000000         0         0
38           c3_5     0.00000000         0         0
39           c2_7     0.00000000         0         0
73         stat_1     0.00000000         0         0

[74 rows x 4 columns]