*************Target variables in total: 74*************
    variable_name  importance_score p_label
0           sgn_6          1.333333       0
10           c1_7          1.333333       0
1            c9_2          1.333333       0
17   return_val_1          1.333333       0
15          c10_0          1.333333       0
14          gee_0          1.333333       0
13            g_3          1.333333       0
12      lgn_err_0          1.333333       0
11      lgn_val_0          1.333333       0
16          sgn_7          1.333333       0
9            c2_9          1.333333       0
7            c3_7          1.333333       0
6            c4_7          1.333333       0
5            c5_5          1.333333       0
4            c6_3          1.333333       0
3            c7_3          1.333333       0
8            g6_0          1.333333       0
2            c8_2          1.333333       0
19   result_val_0          0.011154       1
18       status_0          0.003992       0
55  result_err_63          0.000000      -5
59           c3_6          0.000000      -5
58  result_val_40          0.000000      -5
57           c4_6          0.000000      -5
56         stat_0          0.000000      -5
51           n1_0          0.000000      -5
54  result_err_64          0.000000      -5
53         eps5_0          0.000000      -5
52         corr_0          0.000000      -5
50           n2_0          0.000000      -5
..            ...               ...     ...
73  result_err_66          0.000000      -5
74  result_err_65          0.000000      -5
49         pade_0          0.000000      -5
38           c4_5          0.000000      -5
47          den_0          0.000000      -5
46  result_err_58          0.000000      -5
20  result_err_62          0.000000      -5
21  result_err_61          0.000000      -5
22  result_err_60          0.000000      -5
23            x_9          0.000000      -5
24        term1_0          0.000000      -5
26           Ag_1          0.000000      -5
28           Ag_0          0.000000      -5
29        term2_0          0.000000      -5
30  result_val_41          0.000000      -5
31     lg_z_err_0          0.000000      -5
32            z_0          0.000000      -5
33            s_4          0.000000      -5
34  result_val_44          0.000000      -5
35          _as_0          0.000000      -5
36  result_err_69          0.000000      -5
37   return_val_0          0.000000      -5
39  result_val_39          0.000000      -5
40           c3_5          0.000000      -5
41           c2_7          0.000000      -5
42           c1_5          0.000000      -5
43           d2_0          0.000000      -5
44           c0_5          0.000000      -5
45           d1_0          0.000000      -5
75         stat_1          0.000000      -5

[74 rows x 3 columns]