*************Target variables in total: 37*************
    variable_name  importance_score p_label
30            d_4          3.166859      -2
23   result_val_0          3.166859      -2
19       status_0          1.207807       0
29            e_0          1.207807       0
42           dd_0          1.207807       0
34            d_0          1.207807       0
1             n_4          1.139097       0
13        count_0          1.139097       0
11        count_1          1.139097       0
8         value_1          1.139097       0
46           c0_0          1.139097       0
25            e_4          1.136522      -1
24   result_err_0          1.136522      -1
55   result_err_9          1.105173       0
53           c0_1          1.105173      -1
15            x_4          1.091490      -1
22            y_0          1.087758       1
21           y2_0          1.087758       1
27            e_1          1.085837       1
49   result_err_6          1.085431      -1
48   result_err_7          1.085431      -1
18   result_val_4          1.080079      -1
20   return_val_0          1.080079      -1
43         px11_0          1.080079      -1
6         value_2          1.080079      -1
9    result_err_4          1.080079      -1
32            d_1          1.067552      -1
35         temp_3          1.067552      -1
37         temp_0          1.067469      -1
40           dd_1          1.067469      -1
47   result_err_8          1.062619      -1
45   result_val_6          1.045022       1
44            t_0          1.025113      -1
50           px_0          1.010085       1
52   result_val_7          1.007305      -1
54  result_err_10          0.977414      -1
51            t_1          0.922312       1