*************Target variables in total: 37*************
    variable_name  max_risk_diff quantile1 quantile2
31           px_0     1.00000000         5         0
7    result_val_4     0.54475703         5         2
26   result_val_6     0.53708440         0         5
24         px11_0     0.52941176         5         0
9    return_val_0     0.52173913         5         4
21         temp_0     0.52173913         5         6
12   result_val_0     0.51884058         5         6
6             x_4     0.51662404         5         0
1         value_2     0.50383632         5         0
22           dd_1     0.50289855         0         6
25            t_0     0.45780051         9         1
10           y2_0     0.41304348         3         5
17            d_4     0.41159420         5         6
11            y_0     0.39710145         0         5
14            e_4     0.38985507         0         6
20         temp_3     0.30000000         0         3
15            e_1     0.17246377         0         4
18            d_1     0.09130435         6         3
29   result_err_7     0.00000000         0         0
28   result_err_8     0.00000000         0         0
32            t_1     0.00000000         0         0
33   result_val_7     0.00000000         0         0
34           c0_1     0.00000000         0         0
27           c0_0     0.00000000         0         0
35  result_err_10     0.00000000         0         0
30   result_err_6     0.00000000         0         0
0             n_4     0.00000000         0         0
23           dd_0     0.00000000         0         0
19            d_0     0.00000000         0         0
16            e_0     0.00000000         0         0
13   result_err_0     0.00000000         0         0
8        status_0     0.00000000         0         0
5         count_0     0.00000000         0         0
4         count_1     0.00000000         0         0
3    result_err_4     0.00000000         0         0
2         value_1     0.00000000         0         0
36   result_err_9     0.00000000         0         0