*************Target variables in total: 37*************
    variable_name  max_risk_diff quantile1 quantile2
24         px11_0     1.00000000         8         0
9    return_val_0     1.00000000         8         0
31           px_0     0.96419437         0         3
26   result_val_6     0.94629156         0         9
7    result_val_4     0.82864450         8         0
6             x_4     0.63682864         8         0
1         value_2     0.59590793         9         0
12   result_val_0     0.41739130         1         6
25            t_0     0.40664962         0         3
21         temp_0     0.40579710         1         6
10           y2_0     0.39130435         0         5
22           dd_1     0.38260870         1         6
11            y_0     0.32173913         1         5
20         temp_3     0.26811594         1         4
17            d_4     0.24202899         0         6
14            e_4     0.20000000         3         6
15            e_1     0.08695652         4         0
18            d_1     0.07101449         0         4
29   result_err_7     0.00000000         0         0
28   result_err_8     0.00000000         0         0
32            t_1     0.00000000         0         0
33   result_val_7     0.00000000         0         0
34           c0_1     0.00000000         0         0
27           c0_0     0.00000000         0         0
35  result_err_10     0.00000000         0         0
30   result_err_6     0.00000000         0         0
0             n_4     0.00000000         0         0
23           dd_0     0.00000000         0         0
19            d_0     0.00000000         0         0
16            e_0     0.00000000         0         0
13   result_err_0     0.00000000         0         0
8        status_0     0.00000000         0         0
5         count_0     0.00000000         0         0
4         count_1     0.00000000         0         0
3    result_err_4     0.00000000         0         0
2         value_1     0.00000000         0         0
36   result_err_9     0.00000000         0         0