*************Target variables in total: 37*************
    variable_name  max_risk_diff quantile1 quantile2
24         px11_0     1.00000000         8         0
9    return_val_0     1.00000000         7         0
7    result_val_4     0.93094629         1         0
26   result_val_6     0.92838875         0         8
20         temp_3     0.79565217         2         3
17            d_4     0.56376812         5         6
22           dd_1     0.56376812         5         6
12   result_val_0     0.56376812         5         6
21         temp_0     0.56231884         1         6
1         value_2     0.55754476         7         0
6             x_4     0.53452685         7         0
10           y2_0     0.47681159         2         5
11            y_0     0.47681159         1         5
14            e_4     0.34492754         5         6
18            d_1     0.03913043         9         0
15            e_1     0.02173913         0         3
25            t_0     0.01534527         9         1
31           px_0     0.01534527         0         6
29   result_err_7     0.00000000         0         0
28   result_err_8     0.00000000         0         0
32            t_1     0.00000000         0         0
33   result_val_7     0.00000000         0         0
34           c0_1     0.00000000         0         0
27           c0_0     0.00000000         0         0
35  result_err_10     0.00000000         0         0
30   result_err_6     0.00000000         0         0
0             n_4     0.00000000         0         0
23           dd_0     0.00000000         0         0
19            d_0     0.00000000         0         0
16            e_0     0.00000000         0         0
13   result_err_0     0.00000000         0         0
8        status_0     0.00000000         0         0
5         count_0     0.00000000         0         0
4         count_1     0.00000000         0         0
3    result_err_4     0.00000000         0         0
2         value_1     0.00000000         0         0
36   result_err_9     0.00000000         0         0