*************Target variables in total: 37*************
    variable_name  importance_score p_label
8         value_1          1.194645       0
1             n_4          1.194645       0
13        count_0          1.194645       0
11        count_1          1.194645       0
46           c0_0          1.194645       0
40           dd_1          1.133973       2
23   result_val_0          1.133973       2
37         temp_0          1.133973       2
30            d_4          1.133973       2
25            e_4          1.133973       2
24   result_err_0          1.133973       2
15            x_4          1.099505      -1
49   result_err_6          1.095762      -1
48   result_err_7          1.095762      -1
47   result_err_8          1.092900      -1
45   result_val_6          1.091426       1
9    result_err_4          1.081736      -1
43         px11_0          1.081736      -1
6         value_2          1.081736      -1
18   result_val_4          1.081736      -1
20   return_val_0          1.081736      -1
50           px_0          1.073039       1
44            t_0          1.060204      -1
22            y_0          0.972965      -2
21           y2_0          0.972965      -2
27            e_1          0.949131       2
35         temp_3          0.944643      -2
32            d_1          0.944643      -2
42           dd_0          0.913386       0
34            d_0          0.913386       0
29            e_0          0.913386       0
19       status_0          0.913386       0
51            t_1          0.000000      -5
52   result_val_7          0.000000      -5
53           c0_1          0.000000      -5
54  result_err_10          0.000000      -5
55   result_err_9          0.000000      -5