*************Target variables in total: 37*************
    variable_name  importance_score p_label
30            d_4          1.018856       2
23   result_val_0          1.018856       2
45   result_val_6          0.857908      -1
27            e_1          0.696160      -1
29            e_0          0.693182       0
34            d_0          0.693182       0
19       status_0          0.693182       0
42           dd_0          0.693182       0
32            d_1          0.691454       1
35         temp_3          0.691454       1
55   result_err_9          0.682261       0
53           c0_1          0.682261      -1
22            y_0          0.678530      -1
21           y2_0          0.678530      -1
54  result_err_10          0.677499      -2
52   result_val_7          0.677499      -2
25            e_4          0.668349       2
24   result_err_0          0.668349       2
40           dd_1          0.666426      -1
37         temp_0          0.666426      -1
50           px_0          0.661252       1
47   result_err_8          0.653161       4
51            t_1          0.646580       1
49   result_err_6          0.644594      -1
48   result_err_7          0.644594      -1
1             n_4          0.638752       0
8         value_1          0.638752       0
46           c0_0          0.638752       0
11        count_1          0.638752       0
13        count_0          0.638752       0
15            x_4          0.627462      -1
44            t_0          0.625042       1
43         px11_0          0.608373      -1
20   return_val_0          0.608373      -1
9    result_err_4          0.608373      -1
6         value_2          0.608373      -1
18   result_val_4          0.608373      -1