*************Target variables in total: 37*************
    variable_name  importance_score p_label
50           px_0          1.028201       2
48   result_err_7          0.949864       1
49   result_err_6          0.949864       1
47   result_err_8          0.944687       1
43         px11_0          0.933717       1
6         value_2          0.933717       1
9    result_err_4          0.933717       1
20   return_val_0          0.933717       1
18   result_val_4          0.933717       1
45   result_val_6          0.927891      -1
15            x_4          0.915466       1
1             n_4          0.649396       0
13        count_0          0.649396       0
11        count_1          0.649396       0
8         value_1          0.649396       0
46           c0_0          0.649396       0
44            t_0          0.636137      -1
23   result_val_0          0.547189      -1
30            d_4          0.547189      -1
24   result_err_0          0.547133      -1
25            e_4          0.547133      -1
40           dd_1          0.545808      -1
37         temp_0          0.545808      -1
22            y_0          0.526898      -1
21           y2_0          0.526898      -1
35         temp_3          0.490005      -2
32            d_1          0.490005      -2
27            e_1          0.473081       2
19       status_0          0.428246       0
29            e_0          0.428246       0
42           dd_0          0.428246       0
34            d_0          0.428246       0
51            t_1          0.000000      -5
52   result_val_7          0.000000      -5
53           c0_1          0.000000      -5
54  result_err_10          0.000000      -5
55   result_err_9          0.000000      -5