*************Target variables in total: 37*************
    variable_name  max_risk_diff quantile1 quantile2
17            d_4     1.00000000         9         0
12   result_val_0     0.88405797         9         0
24         px11_0     0.12787724         0         1
32            t_1     0.07357860         0         2
31           px_0     0.01790281         9         2
14            e_4     0.01739130         9         5
22           dd_1     0.01594203         9         0
7    result_val_4     0.01278772         9         1
9    return_val_0     0.01278772         0         1
18            d_1     0.00869565         3         4
6             x_4     0.00767263         5         1
1         value_2     0.00767263         0         1
21         temp_0     0.00724638         8         0
10           y2_0     0.00724638         5         0
15            e_1     0.00724638         0         2
25            t_0     0.00511509         0         1
11            y_0     0.00434783         8         0
20         temp_3     0.00434783         8         0
29   result_err_7     0.00000000         0         0
26   result_val_6     0.00000000         0         0
28   result_err_8     0.00000000         0         0
33   result_val_7     0.00000000         0         0
34           c0_1     0.00000000         0         0
27           c0_0     0.00000000         0         0
35  result_err_10     0.00000000         0         0
30   result_err_6     0.00000000         0         0
0             n_4     0.00000000         0         0
23           dd_0     0.00000000         0         0
19            d_0     0.00000000         0         0
16            e_0     0.00000000         0         0
13   result_err_0     0.00000000         0         0
8        status_0     0.00000000         0         0
5         count_0     0.00000000         0         0
4         count_1     0.00000000         0         0
3    result_err_4     0.00000000         0         0
2         value_1     0.00000000         0         0
36   result_err_9     0.00000000         0         0