*************Target variables in total: 37*************
    variable_name  max_risk_diff quantile1 quantile2
17            d_4     1.00000000         8         0
12   result_val_0     1.00000000         3         0
11            y_0     0.96376812         0         9
10           y2_0     0.94202899         0         9
20         temp_3     0.92028986         0         9
22           dd_1     0.91594203         0         8
24         px11_0     0.87723785         7         0
7    result_val_4     0.87723785         9         0
31           px_0     0.85677749         2         0
21         temp_0     0.81739130         0         8
9    return_val_0     0.81074169         2         0
6             x_4     0.60102302         7         0
1         value_2     0.59590793         7         0
18            d_1     0.52753623         0         9
32            t_1     0.48160535         8         6
25            t_0     0.48081841         7         0
14            e_4     0.44637681         0         8
15            e_1     0.27826087         8         3
29   result_err_7     0.00000000         0         0
28   result_err_8     0.00000000         0         0
26   result_val_6     0.00000000         0         0
33   result_val_7     0.00000000         0         0
34           c0_1     0.00000000         0         0
27           c0_0     0.00000000         0         0
35  result_err_10     0.00000000         0         0
30   result_err_6     0.00000000         0         0
0             n_4     0.00000000         0         0
23           dd_0     0.00000000         0         0
19            d_0     0.00000000         0         0
16            e_0     0.00000000         0         0
13   result_err_0     0.00000000         0         0
8        status_0     0.00000000         0         0
5         count_0     0.00000000         0         0
4         count_1     0.00000000         0         0
3    result_err_4     0.00000000         0         0
2         value_1     0.00000000         0         0
36   result_err_9     0.00000000         0         0