*************Target variables in total: 37*************
    variable_name  importance_score p_label
27            e_1          1.031773       1
25            e_4          1.030280       1
24   result_err_0          1.030280       1
35         temp_3          1.022543       1
32            d_1          1.022543       1
37         temp_0          1.010867       1
40           dd_1          1.010867       1
29            e_0          0.992701       0
19       status_0          0.992701       0
42           dd_0          0.992701       0
34            d_0          0.992701       0
23   result_val_0          0.955310      -2
30            d_4          0.955310      -2
1             n_4          0.931786       0
46           c0_0          0.931786       0
13        count_0          0.931786       0
11        count_1          0.931786       0
8         value_1          0.931786       0
55   result_err_9          0.929437       0
53           c0_1          0.929437      -1
52   result_val_7          0.926583      -1
54  result_err_10          0.924807      -1
15            x_4          0.914433      -1
21           y2_0          0.908663       1
22            y_0          0.908663       1
6         value_2          0.897554      -1
20   return_val_0          0.897554      -1
18   result_val_4          0.897554      -1
43         px11_0          0.897554      -1
9    result_err_4          0.897554      -1
48   result_err_7          0.895895      -1
49   result_err_6          0.895895      -1
47   result_err_8          0.895895      -1
45   result_val_6          0.871133       1
44            t_0          0.863115      -1
50           px_0          0.825516      -1
51            t_1          0.816870       1