*************Target variables in total: 37*************
    variable_name  importance_score p_label
34            d_0          1.195804       0
42           dd_0          1.195804       0
19       status_0          1.195804       0
29            e_0          1.195804       0
40           dd_1          1.155561      -1
37         temp_0          1.155561      -1
35         temp_3          1.152864      -1
32            d_1          1.152864      -1
23   result_val_0          1.152356      -1
30            d_4          1.152356      -1
25            e_4          1.151955      -1
24   result_err_0          1.151955      -1
27            e_1          1.151041      -1
1             n_4          1.145655       0
46           c0_0          1.145655       0
13        count_0          1.145655       0
11        count_1          1.145655       0
8         value_1          1.145655       0
49   result_err_6          1.116032      -1
48   result_err_7          1.116032      -1
47   result_err_8          1.115321      -1
15            x_4          1.097185      -1
22            y_0          1.091497       1
21           y2_0          1.091497       1
43         px11_0          1.087533      -1
6         value_2          1.087533      -1
9    result_err_4          1.087533      -1
18   result_val_4          1.087533      -1
20   return_val_0          1.087533      -1
53           c0_1          1.071910      -1
55   result_err_9          1.071910       0
45   result_val_6          1.068458      -1
52   result_val_7          1.054053      -1
54  result_err_10          1.052205      -1
44            t_0          1.007450      -1
50           px_0          0.994920       1
51            t_1          0.917806      -1