*************Target variables in total: 37*************
    variable_name  importance_score p_label
45   result_val_6          0.989419      -1
1             n_4          0.988357       0
46           c0_0          0.988357       0
8         value_1          0.988357       0
11        count_1          0.988357       0
13        count_0          0.988357       0
15            x_4          0.966998       1
47   result_err_8          0.931852       1
49   result_err_6          0.911659       1
48   result_err_7          0.911659       1
50           px_0          0.903378       1
18   result_val_4          0.893536       1
43         px11_0          0.893536       1
9    result_err_4          0.893536       1
6         value_2          0.893536       1
20   return_val_0          0.893536       1
44            t_0          0.870257      -1
30            d_4          0.867050      -1
23   result_val_0          0.867050      -1
25            e_4          0.857820      -1
24   result_err_0          0.857820      -1
40           dd_1          0.840429      -1
37         temp_0          0.840429      -1
22            y_0          0.809817      -1
21           y2_0          0.809817      -1
27            e_1          0.756724       2
35         temp_3          0.756523      -2
32            d_1          0.756523      -2
34            d_0          0.712687       0
42           dd_0          0.712687       0
29            e_0          0.712687       0
19       status_0          0.712687       0
51            t_1          0.000000      -5
52   result_val_7          0.000000      -5
53           c0_1          0.000000      -5
54  result_err_10          0.000000      -5
55   result_err_9          0.000000      -5