*************Target variables in total: 37*************
    variable_name  importance_score p_label
27            e_1          0.993340       1
35         temp_3          0.989190       1
32            d_1          0.989190       1
25            e_4          0.989190       1
24   result_err_0          0.989190       1
37         temp_0          0.975799       1
40           dd_1          0.975799       1
23   result_val_0          0.930674      -2
30            d_4          0.930674      -2
54  result_err_10          0.828111      -2
47   result_err_8          0.749930       1
49   result_err_6          0.737775       1
45   result_val_6          0.737775       1
48   result_err_7          0.737775       1
53           c0_1          0.670418      -1
55   result_err_9          0.670418       0
52   result_val_7          0.665585      -2
19       status_0          0.649706       0
29            e_0          0.649706       0
34            d_0          0.649706       0
42           dd_0          0.649706       0
51            t_1          0.627805       1
22            y_0          0.602693       2
21           y2_0          0.602693       2
6         value_2          0.576346      -1
43         px11_0          0.576346      -1
9    result_err_4          0.576346      -1
20   return_val_0          0.576346      -1
18   result_val_4          0.576346      -1
11        count_1          0.574528       0
1             n_4          0.574528       0
46           c0_0          0.574528       0
8         value_1          0.574528       0
13        count_0          0.574528       0
15            x_4          0.573645      -1
50           px_0          0.532936       1
44            t_0          0.530809      -2