*************Target variables in total: 37*************
    variable_name  importance_score p_label
50           px_0          1.333629      -3
48   result_err_7          1.031299       1
49   result_err_6          1.031299       1
47   result_err_8          0.999628       1
43         px11_0          0.996365       1
6         value_2          0.996365       1
9    result_err_4          0.996365       1
20   return_val_0          0.996365       1
18   result_val_4          0.996365       1
1             n_4          0.983095       0
46           c0_0          0.983095       0
13        count_0          0.983095       0
11        count_1          0.983095       0
8         value_1          0.983095       0
45   result_val_6          0.971200      -1
15            x_4          0.950157       1
44            t_0          0.907766      -1
30            d_4          0.861883      -1
23   result_val_0          0.861883      -1
24   result_err_0          0.858801      -1
25            e_4          0.858801      -1
37         temp_0          0.839549      -1
40           dd_1          0.839549      -1
22            y_0          0.790959      -2
21           y2_0          0.790959      -2
35         temp_3          0.739420      -2
32            d_1          0.739420      -2
19       status_0          0.707865       0
29            e_0          0.707865       0
42           dd_0          0.707865       0
34            d_0          0.707865       0
27            e_1          0.698531       2
51            t_1          0.000000      -5
52   result_val_7          0.000000      -5
53           c0_1          0.000000      -5
54  result_err_10          0.000000      -5
55   result_err_9          0.000000      -5