*************Target variables in total: 37*************
    variable_name  importance_score p_label
30            d_4          1.511040      -2
23   result_val_0          1.511040      -2
54  result_err_10          1.459773      -2
52   result_val_7          1.459773      -2
19       status_0          1.010043       0
29            e_0          1.010043       0
42           dd_0          1.010043       0
34            d_0          1.010043       0
1             n_4          0.967750       0
13        count_0          0.967750       0
11        count_1          0.967750       0
8         value_1          0.967750       0
46           c0_0          0.967750       0
25            e_4          0.959070      -1
24   result_err_0          0.959070      -1
22            y_0          0.928016       1
21           y2_0          0.928016       1
15            x_4          0.921883      -1
49   result_err_6          0.919801      -1
48   result_err_7          0.919801      -1
53           c0_1          0.919474      -1
55   result_err_9          0.919474       0
43         px11_0          0.916547      -1
9    result_err_4          0.916547      -1
20   return_val_0          0.916547      -1
18   result_val_4          0.916547      -1
6         value_2          0.916547      -1
27            e_1          0.916033       1
40           dd_1          0.912604      -1
37         temp_0          0.912604      -1
32            d_1          0.909821      -1
35         temp_3          0.909821      -1
45   result_val_6          0.880978      -1
47   result_err_8          0.880551      -1
44            t_0          0.869066      -1
50           px_0          0.864337       1
51            t_1          0.819573      -1