*************Target variables in total: 37*************
    variable_name  importance_score p_label
45   result_val_6          0.889527      -1
15            x_4          0.835690       4
18   result_val_4          0.824568       4
43         px11_0          0.824568       4
20   return_val_0          0.824568       4
47   result_err_8          0.824568       4
9    result_err_4          0.824568       4
6         value_2          0.824568       4
48   result_err_7          0.770344       4
49   result_err_6          0.770344       4
1             n_4          0.685714       0
46           c0_0          0.685714       0
13        count_0          0.685714       0
11        count_1          0.685714       0
8         value_1          0.685714       0
50           px_0          0.642315      -1
44            t_0          0.633767      -1
24   result_err_0          0.586934      -1
25            e_4          0.586934      -1
30            d_4          0.580247      -1
23   result_val_0          0.580247      -1
21           y2_0          0.573537      -2
22            y_0          0.573537      -2
37         temp_0          0.570905      -2
40           dd_1          0.570905      -2
32            d_1          0.559507      -2
35         temp_3          0.559507      -2
27            e_1          0.518345       2
29            e_0          0.456376       0
42           dd_0          0.456376       0
34            d_0          0.456376       0
19       status_0          0.456376       0
51            t_1          0.000000      -5
52   result_val_7          0.000000      -5
53           c0_1          0.000000      -5
54  result_err_10          0.000000      -5
55   result_err_9          0.000000      -5