*************Target variables in total: 37*************
Number of Fault Insertions: 292
Number of Faulty Executions: 292
,variable_name,max_risk_diff,quantile1,quantile2
21,temp_0,0.923,3,4
20,temp_3,0.914,9,8
26,result_val_6,0.6163682864450128,0,3
12,result_val_0,0.391,3,4
17,d_4,0.387,1,4
14,e_4,0.386,2,4
22,dd_1,0.359,3,4
7,result_val_4,0.3171355498721228,0,6
11,y_0,0.3,2,3
10,y2_0,0.292,0,3
24,px11_0,0.19693094629156005,0,6
9,return_val_0,0.19693094629156005,0,6
1,value_2,0.15601023017902815,0,8
6,x_4,0.09718670076726343,0,8
31,px_0,0.03069053708439895,0,5
25,t_0,0.02813299232736577,8,0
15,e_1,0.010000000000000009,6,0
18,d_1,0.0040000000000000036,6,0
29,result_err_7,0.0,0,0
28,result_err_8,0.0,0,0
32,t_1,0.0,0,0
33,result_val_7,0.0,0,0
34,c0_1,0.0,0,0
27,c0_0,0.0,0,0
35,result_err_10,0.0,0,0
30,result_err_6,0.0,0,0
0,n_4,0.0,0,0
23,dd_0,0.0,0,0
19,d_0,0.0,0,0
16,e_0,0.0,0,0
13,result_err_0,0.0,0,0
8,status_0,0.0,0,0
5,count_0,0.0,0,0
4,count_1,0.0,0,0
3,result_err_4,0.0,0,0
2,value_1,0.0,0,0
36,result_err_9,0.0,0,0
