*************Target variables in total: 37*************
Number of Fault Insertions: 672
Number of Faulty Executions: 581
,variable_name,max_risk_diff,quantile1,quantile2
12,result_val_0,0.725,9,5
17,d_4,0.655,0,6
10,y2_0,0.63,0,9
26,result_val_6,0.5831202046035806,0,4
22,dd_1,0.5409999999999999,0,6
32,t_1,0.5402298850574713,1,0
20,temp_3,0.5329999999999999,0,2
11,y_0,0.518,0,9
21,temp_0,0.51,2,6
14,e_4,0.46499999999999997,0,6
31,px_0,0.18158567774936063,1,0
18,d_1,0.16600000000000004,9,0
7,result_val_4,0.07416879795396425,1,0
1,value_2,0.06905370843989778,1,0
15,e_1,0.052999999999999936,1,0
9,return_val_0,0.04603580562659848,1,0
6,x_4,0.040920716112531896,1,2
24,px11_0,0.03580562659846542,1,9
25,t_0,0.01534526854219953,1,0
33,result_val_7,0.006568144499179029,0,3
28,result_err_8,0.0,0,0
29,result_err_7,0.0,0,0
34,c0_1,0.0,0,0
27,c0_0,0.0,0,0
35,result_err_10,0.0,0,0
30,result_err_6,0.0,0,0
0,n_4,0.0,0,0
23,dd_0,0.0,0,0
19,d_0,0.0,0,0
16,e_0,0.0,0,0
13,result_err_0,0.0,0,0
8,status_0,0.0,0,0
5,count_0,0.0,0,0
4,count_1,0.0,0,0
3,result_err_4,0.0,0,0
2,value_1,0.0,0,0
36,result_err_9,0.0,0,0
