*************Target variables in total: 37*************
    variable_name  max_risk_diff quantile1 quantile2
31           px_0     0.99488491         4         0
20         temp_3     0.71739130         2         3
22           dd_1     0.56666667         2         6
21         temp_0     0.56666667         5         6
12   result_val_0     0.56666667         5         6
17            d_4     0.54202899         5         6
11            y_0     0.48115942         3         5
10           y2_0     0.47536232         3         5
24         px11_0     0.35294118         4         0
7    result_val_4     0.35294118         4         0
9    return_val_0     0.35294118         4         0
26   result_val_6     0.28132992         0         9
14            e_4     0.26376812         5         6
6             x_4     0.25319693         4         0
1         value_2     0.25063939         4         0
25            t_0     0.06138107         5         7
15            e_1     0.04347826         9         1
18            d_1     0.02173913         9         8
29   result_err_7     0.00000000         0         0
28   result_err_8     0.00000000         0         0
32            t_1     0.00000000         0         0
33   result_val_7     0.00000000         0         0
34           c0_1     0.00000000         0         0
27           c0_0     0.00000000         0         0
35  result_err_10     0.00000000         0         0
30   result_err_6     0.00000000         0         0
0             n_4     0.00000000         0         0
23           dd_0     0.00000000         0         0
19            d_0     0.00000000         0         0
16            e_0     0.00000000         0         0
13   result_err_0     0.00000000         0         0
8        status_0     0.00000000         0         0
5         count_0     0.00000000         0         0
4         count_1     0.00000000         0         0
3    result_err_4     0.00000000         0         0
2         value_1     0.00000000         0         0
36   result_err_9     0.00000000         0         0