*************Target variables in total: 37*************
    variable_name  max_risk_diff quantile1 quantile2
10           y2_0     0.90289855         4         0
21         temp_0     0.87246377         6         4
11            y_0     0.76231884         8         0
12   result_val_0     0.62898551         0         7
24         px11_0     0.62404092         8         1
9    return_val_0     0.61636829         0         1
26   result_val_6     0.57289003         0         2
31           px_0     0.54987212         8         1
7    result_val_4     0.50127877         6         1
25            t_0     0.49872123         0         1
18            d_1     0.47681159         7         0
20         temp_3     0.43188406         6         1
32            t_1     0.35451505         7         1
6             x_4     0.31713555         8         1
22           dd_1     0.26376812         6         1
1         value_2     0.25063939         0         1
33   result_val_7     0.20735786         0         7
17            d_4     0.16376812         0         5
14            e_4     0.11014493         9         0
30   result_err_6     0.00000000         0         0
28   result_err_8     0.00000000         0         0
27           c0_0     0.00000000         0         0
34           c0_1     0.00000000         0         0
35  result_err_10     0.00000000         0         0
29   result_err_7     0.00000000         0         0
0             n_4     0.00000000         0         0
23           dd_0     0.00000000         0         0
19            d_0     0.00000000         0         0
16            e_0     0.00000000         0         0
15            e_1     0.00000000         0         0
13   result_err_0     0.00000000         0         0
8        status_0     0.00000000         0         0
5         count_0     0.00000000         0         0
4         count_1     0.00000000         0         0
3    result_err_4     0.00000000         0         0
2         value_1     0.00000000         0         0
36   result_err_9     0.00000000         0         0