*************Target variables in total: 37*************
    variable_name  max_risk_diff quantile1 quantile2
24         px11_0     1.00000000         9         0
9    return_val_0     1.00000000         9         0
26   result_val_6     0.97953964         0         9
7    result_val_4     0.88235294         9         8
6             x_4     0.79028133         9         0
1         value_2     0.66496164         9         0
11            y_0     0.22753623         4         0
25            t_0     0.03580563         0         4
10           y2_0     0.03188406         4         1
14            e_4     0.02463768         1         6
18            d_1     0.01884058         9         2
17            d_4     0.01304348         4         6
15            e_1     0.01014493         3         5
31           px_0     0.00767263         9         0
20         temp_3     0.00579710         0         1
12   result_val_0     0.00434783         0         5
21         temp_0     0.00434783         4         2
22           dd_1     0.00434783         0         5
32            t_1     0.00000000         0         0
33   result_val_7     0.00000000         0         0
29   result_err_7     0.00000000         0         0
34           c0_1     0.00000000         0         0
28   result_err_8     0.00000000         0         0
27           c0_0     0.00000000         0         0
35  result_err_10     0.00000000         0         0
30   result_err_6     0.00000000         0         0
0             n_4     0.00000000         0         0
23           dd_0     0.00000000         0         0
19            d_0     0.00000000         0         0
16            e_0     0.00000000         0         0
13   result_err_0     0.00000000         0         0
8        status_0     0.00000000         0         0
5         count_0     0.00000000         0         0
4         count_1     0.00000000         0         0
3    result_err_4     0.00000000         0         0
2         value_1     0.00000000         0         0
36   result_err_9     0.00000000         0         0