*************Target variables in total: 37*************
Number of Fault Insertions: 752
Number of Faulty Executions: 292
,variable_name,max_risk_diff,quantile1,quantile2
20,temp_3,0.9,9,1
31,px_0,0.4347826086956522,0,6
12,result_val_0,0.391,0,4
17,d_4,0.385,3,4
7,result_val_4,0.3785166240409207,0,7
21,temp_0,0.378,3,4
22,dd_1,0.367,3,4
9,return_val_0,0.350383631713555,0,6
26,result_val_6,0.34015345268542196,0,8
6,x_4,0.31969309462915596,0,7
11,y_0,0.298,2,3
10,y2_0,0.295,1,3
24,px11_0,0.289002557544757,0,6
1,value_2,0.2276214833759591,8,7
14,e_4,0.131,2,4
25,t_0,0.04859335038363166,3,1
15,e_1,0.018000000000000016,7,0
18,d_1,0.007000000000000006,2,0
29,result_err_7,0.0,0,0
28,result_err_8,0.0,0,0
32,t_1,0.0,0,0
33,result_val_7,0.0,0,0
34,c0_1,0.0,0,0
27,c0_0,0.0,0,0
35,result_err_10,0.0,0,0
30,result_err_6,0.0,0,0
0,n_4,0.0,0,0
23,dd_0,0.0,0,0
19,d_0,0.0,0,0
16,e_0,0.0,0,0
13,result_err_0,0.0,0,0
8,status_0,0.0,0,0
5,count_0,0.0,0,0
4,count_1,0.0,0,0
3,result_err_4,0.0,0,0
2,value_1,0.0,0,0
36,result_err_9,0.0,0,0
