*************Target variables in total: 37*************
Number of Fault Insertions: 1059
Number of Faulty Executions: 835
,variable_name,max_risk_diff,quantile1,quantile2
17,d_4,0.5840000000000001,0,6
12,result_val_0,0.573,4,6
33,result_val_7,0.2364532019704434,0,9
26,result_val_6,0.038363171355498715,0,4
18,d_1,0.03300000000000003,4,0
15,e_1,0.019000000000000017,8,0
6,x_4,0.01534526854219953,3,2
7,result_val_4,0.01534526854219953,3,2
1,value_2,0.012787723785166238,3,9
25,t_0,0.010230179028132946,5,1
21,temp_0,0.010000000000000009,0,6
32,t_1,0.008210180623973717,0,2
14,e_4,0.008000000000000007,0,5
24,px11_0,0.007672634271099765,0,9
31,px_0,0.005115089514066473,0,9
9,return_val_0,0.005115089514066473,0,1
22,dd_1,0.0050000000000000044,0,5
27,c0_0,0.0,0,0
28,result_err_8,0.0,0,0
30,result_err_6,0.0,0,0
34,c0_1,0.0,0,0
35,result_err_10,0.0,0,0
29,result_err_7,0.0,0,0
0,n_4,0.0,0,0
23,dd_0,0.0,0,0
20,temp_3,0.0,0,0
19,d_0,0.0,0,0
16,e_0,0.0,0,0
13,result_err_0,0.0,0,0
11,y_0,0.0,0,0
10,y2_0,0.0,0,0
8,status_0,0.0,0,0
5,count_0,0.0,0,0
4,count_1,0.0,0,0
3,result_err_4,0.0,0,0
2,value_1,0.0,0,0
36,result_err_9,0.0,0,0
