*************Target variables in total: 37*************
Number of Fault Insertions: 107
Number of Faulty Executions: 107
,variable_name,max_risk_diff,quantile1,quantile2
26,result_val_6,0.9028132992327366,9,5
6,x_4,0.7416879795396419,0,5
9,return_val_0,0.6547314578005116,0,6
24,px11_0,0.6368286445012787,0,7
1,value_2,0.5549872122762148,0,2
7,result_val_4,0.1662404092071611,0,9
15,e_1,0.047,0,4
31,px_0,0.030690537084398978,1,3
17,d_4,0.021,3,4
25,t_0,0.01790281329923274,1,3
14,e_4,0.015,1,4
10,y2_0,0.013,0,1
18,d_1,0.012,0,3
22,dd_1,0.011,0,1
11,y_0,0.01,0,3
21,temp_0,0.01,0,1
12,result_val_0,0.008,3,1
20,temp_3,0.007,9,1
32,t_1,0.0,0,0
29,result_err_7,0.0,0,0
33,result_val_7,0.0,0,0
34,c0_1,0.0,0,0
28,result_err_8,0.0,0,0
27,c0_0,0.0,0,0
35,result_err_10,0.0,0,0
30,result_err_6,0.0,0,0
0,n_4,0.0,0,0
23,dd_0,0.0,0,0
19,d_0,0.0,0,0
16,e_0,0.0,0,0
13,result_err_0,0.0,0,0
8,status_0,0.0,0,0
5,count_0,0.0,0,0
4,count_1,0.0,0,0
3,result_err_4,0.0,0,0
2,value_1,0.0,0,0
36,result_err_9,0.0,0,0
